Competitor Set Size: 8
Depth: 4
[0, 3, 1, 2, 0, 0, 0, 0, 1, 0, 1, 1, 2, 2, 2, 2, 3, 3, 3, 3, 3, 2, 1, 1, 2, 1, 0, 2, 1, 3, 3, 3, 1, 3, 2, 2, 2, 3, 1, 1, 1, 1, 1, 0, 3, 3, 0, 3, 2, 2]

Adjusted to smoke ones and threes:
[0, 0, 3, 2, 0, 0, 0, 0, 1, 0, 1, 1, 3, 3, 1, 1, 3, 3, 3, 0, 3, 2, 1, 3, 3, 3, 0, 2, 3, 1, 3, 3, 1, 3, 3, 1, 2, 3, 1, 1, 1, 1, 1, 3, 3, 1, 0, 2, 0, 1]

The original beats the adjusted 12-8:
gene1: [0, 0, 3, 2, 0, 0, 0, 0, 1, 0, 1, 1, 3, 3, 1, 1, 3, 3, 3, 0, 3, 2, 1, 3, 3, 3, 0, 2, 3, 1, 3, 3, 1, 3, 3, 1, 2, 3, 1, 1, 1, 1, 1, 3, 3, 1, 0, 2, 0, 1]
gene2: [0, 3, 1, 2, 0, 0, 0, 0, 1, 0, 1, 1, 2, 2, 2, 2, 3, 3, 3, 3, 3, 2, 1, 1, 2, 1, 0, 2, 1, 3, 3, 3, 1, 3, 2, 2, 2, 3, 1, 1, 1, 1, 1, 0, 3, 3, 0, 3, 2, 2]
Number of rounds: 500
gene1 PAC-mites remaining: 86
gene2 PAC-mites remaining: 28
gene1 score: 12. gene2 score: 8

Competitor Set Size: 8
Depth: 4
[1, 0, 3, 0, 0, 0, 0, 0, 1, 1, 1, 2, 2, 2, 3, 0, 3, 1, 0, 3, 3, 0, 3, 3, 3, 1, 3, 3, 2, 2, 3, 2, 0, 1, 0, 3, 1, 0, 0, 3, 1, 0, 3, 3, 2, 0, 2, 2, 0, 2]
Adjustments:
[0, 3, 1, 0, 1, 1, 2, 0, 2, 2, 2, 1, 2, 0, 0, 0, 3, 0, 0, 0, 3, 1, 1, 1, 2, 1, 1, 2, 3, 1, 0, 0, 0, 1, 2, 3, 2, 3, 1, 0, 0, 1, 0, 1, 3, 1, 2, 3, 0, 1]
[0, 1, 3, 3, 1, 0, 0, 0, 0, 0, 1, 3, 1, 2, 2, 1, 2, 0, 3, 3, 1, 2, 1, 3, 2, 3, 1, 1, 1, 3, 2, 1, 2, 2, 1, 2, 2, 3, 1, 3, 0, 3, 2, 3, 1, 0, 2, 3, 0, 0]
[0, 1, 3, 0, 3, 0, 0, 0, 3, 0, 2, 1, 2, 1, 0, 2, 0, 3, 2, 3, 2, 1, 3, 3, 2, 3, 0, 3, 2, 2, 0, 1, 3, 2, 1, 3, 3, 2, 1, 1, 1, 1, 1, 0, 0, 0, 1, 3, 3, 0]